MAE=0.7686482805555556
RMSE=0.9706076482945214
recall=0.43283898305084745
precision=0.737012987012987
282ms